Totals and Accuracy for Each UserID and Video Combination:
              all_num  sequence_num  accuracy
UserID Video                                 
1      1           18             0  0.000000
       2           19             0  0.000000
       3           15             0  0.000000
       4           12             0  0.000000
       5           12             0  0.000000
       6           17             0  0.000000
       7           12             0  0.000000
       8           13             0  0.000000
       9           16             0  0.000000
       10          16             0  0.000000
       11          16             1  0.062500
       12          13             1  0.076923
       13          13             0  0.000000
       14          13             0  0.000000
3      1            7             0  0.000000
       2           13             0  0.000000
       3            8             0  0.000000
       4            8             0  0.000000
       5            3             0  0.000000
       6            1             0  0.000000
       7            4             0  0.000000
       8            2             0  0.000000
       9            3             0  0.000000
       10           6             0  0.000000
       11           2             0  0.000000
       12           1             0  0.000000
       13           6             0  0.000000
       14           3             0  0.000000
4      1            9             0  0.000000
       2           13             0  0.000000
       3            2             0  0.000000
       4            7             0  0.000000
       5           16             0  0.000000
       6           12             0  0.000000
       7           14             0  0.000000
       8           14             0  0.000000
       9           14             0  0.000000
       10          10             0  0.000000
       11           8             0  0.000000
       12          11             0  0.000000
       13          11             0  0.000000
       14          12             0  0.000000
6      1           17             0  0.000000
       2           17             0  0.000000
       3           17             0  0.000000
       4           23             0  0.000000
       5           21             0  0.000000
       6           18             0  0.000000
       7           14             0  0.000000
       8           24             0  0.000000
       9           25             0  0.000000
       10          20             0  0.000000
       11           8             0  0.000000
       12          10             0  0.000000
       13          13             0  0.000000
       14           2             0  0.000000
8      1           19             0  0.000000
       2           19             0  0.000000
       3           19             0  0.000000
       4           20             0  0.000000
       5           17             0  0.000000
       6           19             0  0.000000
       7            0             0       NaN
       8           19             0  0.000000
       9           17             0  0.000000
       10          18             0  0.000000
       11          18             0  0.000000
       12          27             0  0.000000
       13          17             0  0.000000
       14          13             0  0.000000
9      1            7             0  0.000000
       2            5             0  0.000000
       3            9             0  0.000000
       4            9             0  0.000000
       5            9             0  0.000000
       6           14             0  0.000000
       7            6             0  0.000000
       8           16             0  0.000000
       9           11             0  0.000000
       10           8             0  0.000000
       11          16             0  0.000000
       12           8             0  0.000000
       13          11             0  0.000000
       14           8             0  0.000000
10     1           10             0  0.000000
       2            6             0  0.000000
       3            2             0  0.000000
       4            4             0  0.000000
       5           10             0  0.000000
       6            2             0  0.000000
       7            6             0  0.000000
       8           11             0  0.000000
       9            4             0  0.000000
       10          13             0  0.000000
       11          16             0  0.000000
       12           8             0  0.000000
       13          12             0  0.000000
       14          14             0  0.000000
11     1            1             0  0.000000
       2            3             0  0.000000
       3            4             0  0.000000
       4            6             0  0.000000
       5            4             0  0.000000
       6            3             0  0.000000
       7            5             0  0.000000
       8            5             0  0.000000
       9            2             0  0.000000
       10           2             0  0.000000
       11           5             0  0.000000
       12           3             0  0.000000
       13           3             0  0.000000
       14           7             0  0.000000
13     1            8             0  0.000000
       2            7             0  0.000000
       3            5             0  0.000000
       4            5             0  0.000000
       5            6             0  0.000000
       6            5             0  0.000000
       7           10             0  0.000000
       8           10             0  0.000000
       9            8             0  0.000000
       10          13             0  0.000000
       11          12             0  0.000000
       12           8             0  0.000000
       13          11             0  0.000000
       14          13             0  0.000000
14     1           12             0  0.000000
       2            4             0  0.000000
       3            2             0  0.000000
       4            5             0  0.000000
       5            9             0  0.000000
       6            6             0  0.000000
       7            8             0  0.000000
       8           11             0  0.000000
       9            9             0  0.000000
       10          11             0  0.000000
       11          11             0  0.000000
       12           8             0  0.000000
       13          11             0  0.000000
       14          13             0  0.000000
15     1           15             0  0.000000
       2           16             0  0.000000
       3           12             0  0.000000
       4            7             0  0.000000
       5            3             0  0.000000
       6            6             0  0.000000
       7            7             0  0.000000
       8            8             0  0.000000
       9            8             0  0.000000
       10           5             0  0.000000
       11           7             0  0.000000
       12           7             1  0.142857
       13           8             0  0.000000
       14           7             1  0.142857
16     1           10             0  0.000000
       2           11             0  0.000000
       3           11             0  0.000000
       4           12             0  0.000000
       5           15             0  0.000000
       6           12             0  0.000000
       7           15             0  0.000000
       8           12             0  0.000000
       9           17             0  0.000000
       10          10             0  0.000000
       11          11             0  0.000000
       12          15             0  0.000000
       13          13             0  0.000000
       14          11             0  0.000000
17     1           10             0  0.000000
       2            9             0  0.000000
       3            8             0  0.000000
       4            6             0  0.000000
       5            9             0  0.000000
       6            5             0  0.000000
       7            7             0  0.000000
       8            7             0  0.000000
       9            4             0  0.000000
       10           7             0  0.000000
       11           8             0  0.000000
       12           2             0  0.000000
       13           7             0  0.000000
       14           8             0  0.000000
18     1           10             0  0.000000
       2            8             0  0.000000
       3           15             0  0.000000
       4            8             0  0.000000
       5            5             0  0.000000
       6           15             0  0.000000
       7           11             0  0.000000
       8            7             0  0.000000
       9            3             0  0.000000
       10          10             0  0.000000
       11          11             0  0.000000
       12           9             0  0.000000
       13          11             0  0.000000
       14          10             0  0.000000
20     1           11             0  0.000000
       2           12             0  0.000000
       3            8             0  0.000000
       4            9             0  0.000000
       5            6             0  0.000000
       6            3             0  0.000000
       7            8             1  0.125000
       8            7             0  0.000000
       9            8             0  0.000000
       10           3             0  0.000000
       11          10             0  0.000000
       12           5             0  0.000000
       13           3             0  0.000000
       14           5             0  0.000000
21     1           14             0  0.000000
       2           13             0  0.000000
       3           16             0  0.000000
       4            8             0  0.000000
       5           14             0  0.000000
       6           13             0  0.000000
       7           12             0  0.000000
       8            5             0  0.000000
       9            6             0  0.000000
       10           9             1  0.111111
       11          10             0  0.000000
       12          15             0  0.000000
       13          10             0  0.000000
       14          11             0  0.000000
23     1           10             0  0.000000
       2           10             0  0.000000
       3           15             0  0.000000
       4           11             0  0.000000
       5           14             0  0.000000
       6            9             0  0.000000
       7           12             0  0.000000
       8           18             0  0.000000
       9           14             0  0.000000
       10          16             0  0.000000
       11           7             0  0.000000
       12           9             0  0.000000
       13           7             0  0.000000
       14          10             0  0.000000
24     1           12             0  0.000000
       2           11             0  0.000000
       3           14             0  0.000000
       4           17             0  0.000000
       5           18             0  0.000000
       6           12             1  0.083333
       7           12             0  0.000000
       8           17             2  0.117647
       9           13             0  0.000000
       10          13             0  0.000000
       11          12             0  0.000000
       12          14             0  0.000000
       13           8             0  0.000000
       14          11             0  0.000000
25     1           12             0  0.000000
       2           13             0  0.000000
       3            5             0  0.000000
       4           10             0  0.000000
       5           11             0  0.000000
       6            9             0  0.000000
       7            9             0  0.000000
       8            0             0       NaN
       9           19             1  0.052632
       10          21             1  0.047619
       11          12             0  0.000000
       12           8             0  0.000000
       13          22             0  0.000000
       14          17             0  0.000000
26     1           14             2  0.142857
       2           13             0  0.000000
       3           11             0  0.000000
       4           12             0  0.000000
       5            6             0  0.000000
       6           12             0  0.000000
       7            7             0  0.000000
       8            8             1  0.125000
       9           18             0  0.000000
       10          16             1  0.062500
       11          24             3  0.125000
       12          17             2  0.117647
       13          14             2  0.142857
       14          15             1  0.066667
28     1            9             0  0.000000
       2            7             0  0.000000
       3           12             0  0.000000
       4            2             0  0.000000
       5            6             0  0.000000
       6            5             0  0.000000
       7            2             0  0.000000
       8            9             0  0.000000
       9           13             0  0.000000
       10           6             0  0.000000
       11           6             0  0.000000
       12           5             0  0.000000
       13           6             0  0.000000
       14           6             0  0.000000
29     1           17             1  0.058824
       2           11             1  0.090909
       3           13             0  0.000000
       4            8             0  0.000000
       5            6             0  0.000000
       6           11             0  0.000000
       7           10             0  0.000000
       8           20             0  0.000000
       9           21             0  0.000000
       10          20             2  0.100000
       11          14             1  0.071429
       12           9             0  0.000000
       13          12             1  0.083333
       14          15             0  0.000000
31     1           11             0  0.000000
       2            6             0  0.000000
       3           10             0  0.000000
       4           13             0  0.000000
       5            7             0  0.000000
       6            5             0  0.000000
       7            7             0  0.000000
       8           10             0  0.000000
       9            8             0  0.000000
       10           5             0  0.000000
       11           8             0  0.000000
       12           3             0  0.000000
       13           5             0  0.000000
       14           6             0  0.000000
33     1            2             0  0.000000
       2            5             0  0.000000
       3            9             0  0.000000
       4            6             0  0.000000
       5            6             0  0.000000
       6            3             0  0.000000
       7            0             0       NaN
       8            6             0  0.000000
       9            9             1  0.111111
       10           7             1  0.142857
       11           6             0  0.000000
       12           7             0  0.000000
       13           3             0  0.000000
       14           3             0  0.000000
34     1           10             0  0.000000
       2           12             0  0.000000
       3            1             0  0.000000
       4            5             1  0.200000
       5            6             1  0.166667
       6            8             0  0.000000
       7            4             0  0.000000
       8            5             1  0.200000
       9            4             0  0.000000
       10           3             1  0.333333
       11           6             0  0.000000
       12           7             1  0.142857
       13           4             0  0.000000
       14           3             0  0.000000
35     1           15             0  0.000000
       2           15             1  0.066667
       3           10             0  0.000000
       4           13             0  0.000000
       5           10             0  0.000000
       6           12             1  0.083333
       7            8             0  0.000000
       8            9             1  0.111111
       9           12             0  0.000000
       10          13             0  0.000000
       11          14             0  0.000000
       12          13             0  0.000000
       13          14             0  0.000000
       14          13             0  0.000000
36     1            9             0  0.000000
       2            7             1  0.142857
       3            6             0  0.000000
       4            5             0  0.000000
       5            8             0  0.000000
       6           11             1  0.090909
       7            6             1  0.166667
       8            9             0  0.000000
       9            6             2  0.333333
       10           0             0       NaN
       11           9             1  0.111111
       12           8             3  0.375000
       13          11             4  0.363636
       14           8             0  0.000000
37     1           13             0  0.000000
       2            7             0  0.000000
       3            8             0  0.000000
       4            5             0  0.000000
       5           10             0  0.000000
       6            8             0  0.000000
       7            7             0  0.000000
       8            8             0  0.000000
       9            9             0  0.000000
       10           8             0  0.000000
       11           6             0  0.000000
       12           6             0  0.000000
       13           9             0  0.000000
       14           5             0  0.000000

Totals and Accuracy for Each UserID:
        all_num  sequence_num  accuracy
UserID                                 
1           205             2  0.009756
3            67             0  0.000000
4           153             0  0.000000
6           229             0  0.000000
8           242             0  0.000000
9           137             0  0.000000
10          118             0  0.000000
11           53             0  0.000000
13          121             0  0.000000
14          120             0  0.000000
15          116             2  0.017241
16          175             0  0.000000
17           97             0  0.000000
18          133             0  0.000000
20           98             1  0.010204
21          156             1  0.006410
23          162             0  0.000000
24          184             3  0.016304
25          168             2  0.011905
26          187            12  0.064171
28           94             0  0.000000
29          187             6  0.032086
31          104             0  0.000000
33           72             2  0.027778
34           78             5  0.064103
35          171             3  0.017544
36          103            13  0.126214
37          109             0  0.000000

Average Match Rate for Each UserID:
UserID
1     0.009959
3     0.000000
4     0.000000
6     0.000000
8     0.000000
9     0.000000
10    0.000000
11    0.000000
13    0.000000
14    0.000000
15    0.020408
16    0.000000
17    0.000000
18    0.000000
20    0.008929
21    0.007937
23    0.000000
24    0.014356
25    0.007712
26    0.055895
28    0.000000
29    0.028892
31    0.000000
33    0.019536
34    0.074490
35    0.018651
36    0.121809
37    0.000000