Totals and Accuracy for Each UserID and Video Combination:
              all_num  sequence_num  accuracy
UserID Video                                 
1      1           18             1  0.055556
       2           19             1  0.052632
       3           15             0  0.000000
       4           12             5  0.416667
       5           12             2  0.166667
       6           17             3  0.176471
       7           12             0  0.000000
       8           13             2  0.153846
       9           16             3  0.187500
       10          16             1  0.062500
       11          16             2  0.125000
       12          13             3  0.230769
       13          13             0  0.000000
       14          13             2  0.153846
3      1            7             1  0.142857
       2           13             2  0.153846
       3            8             1  0.125000
       4            8             2  0.250000
       5            3             0  0.000000
       6            1             0  0.000000
       7            4             0  0.000000
       8            2             0  0.000000
       9            3             0  0.000000
       10           6             3  0.500000
       11           2             2  1.000000
       12           1             1  1.000000
       13           6             0  0.000000
       14           3             3  1.000000
4      1            9             4  0.444444
       2           13             0  0.000000
       3            2             2  1.000000
       4            7             2  0.285714
       5           16             5  0.312500
       6           12             2  0.166667
       7           14             0  0.000000
       8           14             0  0.000000
       9           14             3  0.214286
       10          10             0  0.000000
       11           8             4  0.500000
       12          11             2  0.181818
       13          11             5  0.454545
       14          12             3  0.250000
6      1           17             0  0.000000
       2           17             2  0.117647
       3           17             2  0.117647
       4           23             3  0.130435
       5           21             4  0.190476
       6           18             3  0.166667
       7           14             5  0.357143
       8           24             3  0.125000
       9           25             2  0.080000
       10          20             0  0.000000
       11           8             1  0.125000
       12          10             1  0.100000
       13          13             1  0.076923
       14           2             0  0.000000
8      1           19             1  0.052632
       2           19             1  0.052632
       3           19             1  0.052632
       4           20             0  0.000000
       5           17             0  0.000000
       6           19             3  0.157895
       7            0             0       NaN
       8           19             1  0.052632
       9           17             2  0.117647
       10          18             0  0.000000
       11          18             1  0.055556
       12          27             1  0.037037
       13          17             1  0.058824
       14          13             0  0.000000
9      1            7             2  0.285714
       2            5             2  0.400000
       3            9             0  0.000000
       4            9             0  0.000000
       5            9             1  0.111111
       6           14             4  0.285714
       7            6             0  0.000000
       8           16             3  0.187500
       9           11             2  0.181818
       10           8             2  0.250000
       11          16             1  0.062500
       12           8             3  0.375000
       13          11             1  0.090909
       14           8             0  0.000000
10     1           10             0  0.000000
       2            6             0  0.000000
       3            2             1  0.500000
       4            4             2  0.500000
       5           10             1  0.100000
       6            2             2  1.000000
       7            6             1  0.166667
       8           11             1  0.090909
       9            4             2  0.500000
       10          13             0  0.000000
       11          16             0  0.000000
       12           8             0  0.000000
       13          12             1  0.083333
       14          14             0  0.000000
11     1            1             0  0.000000
       2            3             1  0.333333
       3            4             1  0.250000
       4            6             0  0.000000
       5            4             1  0.250000
       6            3             1  0.333333
       7            5             0  0.000000
       8            5             0  0.000000
       9            2             0  0.000000
       10           2             0  0.000000
       11           5             0  0.000000
       12           3             1  0.333333
       13           3             1  0.333333
       14           7             0  0.000000
13     1            8             2  0.250000
       2            7             1  0.142857
       3            5             0  0.000000
       4            5             1  0.200000
       5            6             0  0.000000
       6            5             0  0.000000
       7           10             0  0.000000
       8           10             2  0.200000
       9            8             0  0.000000
       10          13             4  0.307692
       11          12             0  0.000000
       12           8             2  0.250000
       13          11             4  0.363636
       14          13             1  0.076923
14     1           12             3  0.250000
       2            4             1  0.250000
       3            2             0  0.000000
       4            5             2  0.400000
       5            9             0  0.000000
       6            6             0  0.000000
       7            8             0  0.000000
       8           11             3  0.272727
       9            9             1  0.111111
       10          11             1  0.090909
       11          11             5  0.454545
       12           8             2  0.250000
       13          11             4  0.363636
       14          13             1  0.076923
15     1           15             2  0.133333
       2           16             3  0.187500
       3           12             1  0.083333
       4            7             2  0.285714
       5            3             0  0.000000
       6            6             4  0.666667
       7            7             5  0.714286
       8            8             0  0.000000
       9            8             4  0.500000
       10           5             2  0.400000
       11           7             0  0.000000
       12           7             2  0.285714
       13           8             0  0.000000
       14           7             1  0.142857
16     1           10             1  0.100000
       2           11             2  0.181818
       3           11             2  0.181818
       4           12             0  0.000000
       5           15             0  0.000000
       6           12             3  0.250000
       7           15             0  0.000000
       8           12             0  0.000000
       9           17             4  0.235294
       10          10             0  0.000000
       11          11             1  0.090909
       12          15             1  0.066667
       13          13             0  0.000000
       14          11             3  0.272727
17     1           10             3  0.300000
       2            9             5  0.555556
       3            8             2  0.250000
       4            6             5  0.833333
       5            9             5  0.555556
       6            5             5  1.000000
       7            7             3  0.428571
       8            7             3  0.428571
       9            4             2  0.500000
       10           7             4  0.571429
       11           8             2  0.250000
       12           2             0  0.000000
       13           7             4  0.571429
       14           8             3  0.375000
18     1           10             1  0.100000
       2            8             0  0.000000
       3           15             1  0.066667
       4            8             3  0.375000
       5            5             3  0.600000
       6           15             2  0.133333
       7           11             1  0.090909
       8            7             1  0.142857
       9            3             0  0.000000
       10          10             0  0.000000
       11          11             1  0.090909
       12           9             3  0.333333
       13          11             2  0.181818
       14          10             0  0.000000
20     1           11             1  0.090909
       2           12             4  0.333333
       3            8             1  0.125000
       4            9             1  0.111111
       5            6             1  0.166667
       6            3             3  1.000000
       7            8             1  0.125000
       8            7             6  0.857143
       9            8             2  0.250000
       10           3             0  0.000000
       11          10             1  0.100000
       12           5             2  0.400000
       13           3             1  0.333333
       14           5             1  0.200000
21     1           14             0  0.000000
       2           13             1  0.076923
       3           16             1  0.062500
       4            8             2  0.250000
       5           14             1  0.071429
       6           13             8  0.615385
       7           12             0  0.000000
       8            5             0  0.000000
       9            6             3  0.500000
       10           9             1  0.111111
       11          10             2  0.200000
       12          15             4  0.266667
       13          10             0  0.000000
       14          11             1  0.090909
23     1           10             0  0.000000
       2           10             1  0.100000
       3           15             1  0.066667
       4           11             1  0.090909
       5           14             2  0.142857
       6            9             4  0.444444
       7           12             0  0.000000
       8           18             3  0.166667
       9           14             0  0.000000
       10          16             3  0.187500
       11           7             1  0.142857
       12           9             0  0.000000
       13           7             4  0.571429
       14          10             2  0.200000
24     1           12             2  0.166667
       2           11             2  0.181818
       3           14             5  0.357143
       4           17             2  0.117647
       5           18             0  0.000000
       6           12             1  0.083333
       7           12             0  0.000000
       8           17             3  0.176471
       9           13             5  0.384615
       10          13             0  0.000000
       11          12             0  0.000000
       12          14             0  0.000000
       13           8             1  0.125000
       14          11             0  0.000000
25     1           12             1  0.083333
       2           13             1  0.076923
       3            5             4  0.800000
       4           10             1  0.100000
       5           11             3  0.272727
       6            9             1  0.111111
       7            9             0  0.000000
       8            0             0       NaN
       9           19             1  0.052632
       10          21             1  0.047619
       11          12             6  0.500000
       12           8             2  0.250000
       13          22             0  0.000000
       14          17             1  0.058824
26     1           14             2  0.142857
       2           13             4  0.307692
       3           11             0  0.000000
       4           12             0  0.000000
       5            6             1  0.166667
       6           12             1  0.083333
       7            7             0  0.000000
       8            8             8  1.000000
       9           18             7  0.388889
       10          16             2  0.125000
       11          24             3  0.125000
       12          17             3  0.176471
       13          14             4  0.285714
       14          15             1  0.066667
28     1            9             2  0.222222
       2            7             5  0.714286
       3           12             0  0.000000
       4            2             0  0.000000
       5            6             1  0.166667
       6            5             0  0.000000
       7            2             0  0.000000
       8            9             4  0.444444
       9           13             3  0.230769
       10           6             2  0.333333
       11           6             1  0.166667
       12           5             0  0.000000
       13           6             1  0.166667
       14           6             5  0.833333
29     1           17             1  0.058824
       2           11             1  0.090909
       3           13             5  0.384615
       4            8             2  0.250000
       5            6             2  0.333333
       6           11             0  0.000000
       7           10             0  0.000000
       8           20             1  0.050000
       9           21             1  0.047619
       10          20             5  0.250000
       11          14             4  0.285714
       12           9             1  0.111111
       13          12             1  0.083333
       14          15             2  0.133333
31     1           11             2  0.181818
       2            6             0  0.000000
       3           10             0  0.000000
       4           13             2  0.153846
       5            7             3  0.428571
       6            5             2  0.400000
       7            7             0  0.000000
       8           10             0  0.000000
       9            8             6  0.750000
       10           5             3  0.600000
       11           8             2  0.250000
       12           3             3  1.000000
       13           5             0  0.000000
       14           6             2  0.333333
33     1            2             0  0.000000
       2            5             0  0.000000
       3            9             0  0.000000
       4            6             0  0.000000
       5            6             0  0.000000
       6            3             0  0.000000
       7            0             0       NaN
       8            6             1  0.166667
       9            9             1  0.111111
       10           7             1  0.142857
       11           6             0  0.000000
       12           7             0  0.000000
       13           3             1  0.333333
       14           3             0  0.000000
34     1           10             0  0.000000
       2           12             0  0.000000
       3            1             1  1.000000
       4            5             3  0.600000
       5            6             3  0.500000
       6            8             0  0.000000
       7            4             2  0.500000
       8            5             1  0.200000
       9            4             0  0.000000
       10           3             1  0.333333
       11           6             1  0.166667
       12           7             1  0.142857
       13           4             0  0.000000
       14           3             0  0.000000
35     1           15             0  0.000000
       2           15             1  0.066667
       3           10             0  0.000000
       4           13             3  0.230769
       5           10             3  0.300000
       6           12             3  0.250000
       7            8             3  0.375000
       8            9             1  0.111111
       9           12             3  0.250000
       10          13             1  0.076923
       11          14             0  0.000000
       12          13             1  0.076923
       13          14             0  0.000000
       14          13             0  0.000000
36     1            9             0  0.000000
       2            7             1  0.142857
       3            6             2  0.333333
       4            5             3  0.600000
       5            8             3  0.375000
       6           11             2  0.181818
       7            6             5  0.833333
       8            9             3  0.333333
       9            6             3  0.500000
       10           0             0       NaN
       11           9             6  0.666667
       12           8             5  0.625000
       13          11             4  0.363636
       14           8             6  0.750000
37     1           13             3  0.230769
       2            7             2  0.285714
       3            8             0  0.000000
       4            5             0  0.000000
       5           10             3  0.300000
       6            8             1  0.125000
       7            7             0  0.000000
       8            8             0  0.000000
       9            9             4  0.444444
       10           8             3  0.375000
       11           6             0  0.000000
       12           6             2  0.333333
       13           9             3  0.333333
       14           5             0  0.000000

Totals and Accuracy for Each UserID:
        all_num  sequence_num  accuracy
UserID                                 
1           205            25  0.121951
3            67            15  0.223881
4           153            32  0.209150
6           229            27  0.117904
8           242            12  0.049587
9           137            21  0.153285
10          118            11  0.093220
11           53             6  0.113208
13          121            17  0.140496
14          120            23  0.191667
15          116            26  0.224138
16          175            17  0.097143
17           97            46  0.474227
18          133            18  0.135338
20           98            25  0.255102
21          156            24  0.153846
23          162            22  0.135802
24          184            21  0.114130
25          168            22  0.130952
26          187            36  0.192513
28           94            24  0.255319
29          187            26  0.139037
31          104            25  0.240385
33           72             4  0.055556
34           78            13  0.166667
35          171            19  0.111111
36          103            43  0.417476
37          109            21  0.192661

Average Match Rate for Each UserID:
UserID
1     0.127247
3     0.297979
4     0.272141
6     0.113353
8     0.049037
9     0.159305
10    0.210065
11    0.130952
13    0.127936
14    0.179989
15    0.242815
16    0.098517
17    0.472817
18    0.151059
20    0.292321
21    0.160352
23    0.150952
24    0.113764
25    0.181013
26    0.204878
28    0.234171
29    0.148485
31    0.292684
33    0.057998
34    0.245918
35    0.124100
36    0.438844
37    0.173400