Totals and Accuracy for Each UserID and Video Combination:
              all_num  sequence_num  accuracy
UserID Video                                 
1      1           18             2  0.111111
       2           19             6  0.315789
       3           15             5  0.333333
       4           12             4  0.333333
       5           12             4  0.333333
       6           17             6  0.352941
       7           17             7  0.411765
       8           13             4  0.307692
       9           16             5  0.312500
       10          16             3  0.187500
       11          16             6  0.375000
       12          13             6  0.461538
       13          13             4  0.307692
       14          13             5  0.384615
3      1            7             2  0.285714
       2           13             5  0.384615
       3            8             1  0.125000
       4            8             5  0.625000
       5            3             0  0.000000
       6            1             0  0.000000
       7            4             2  0.500000
       8            2             1  0.500000
       9            3             3  1.000000
       10           6             3  0.500000
       11           2             2  1.000000
       12           2             2  1.000000
       13           6             2  0.333333
       14           3             0  0.000000
4      1            9             2  0.222222
       2           13             3  0.230769
       3            2             0  0.000000
       4            7             1  0.142857
       5           16             4  0.250000
       6           12             1  0.083333
       7           14             2  0.142857
       8           14             3  0.214286
       9           14             2  0.142857
       10          10             0  0.000000
       11           8             2  0.250000
       12          11             0  0.000000
       13          11             1  0.090909
       14          12             6  0.500000
6      1           17             5  0.294118
       2           17             8  0.470588
       3           17             2  0.117647
       4           23             2  0.086957
       5           25             6  0.240000
       6           18             5  0.277778
       7           14             5  0.357143
       8           24             5  0.208333
       9           25             2  0.080000
       10          20             1  0.050000
       11           8             1  0.125000
       12          10             3  0.300000
       13          13             3  0.230769
       14           2             0  0.000000
8      1           20             6  0.300000
       2           19             5  0.263158
       3           19             1  0.052632
       4           21             2  0.095238
       5           20             6  0.300000
       6           19             2  0.105263
       7            0             0       NaN
       8           19             2  0.105263
       9           17             2  0.117647
       10          24             3  0.125000
       11          18             6  0.333333
       12          28             2  0.071429
       13          26             6  0.230769
       14          18             4  0.222222
9      1            7             3  0.428571
       2            5             2  0.400000
       3            9             2  0.222222
       4            9             1  0.111111
       5            9             2  0.222222
       6           14             3  0.214286
       7            6             2  0.333333
       8           16             1  0.062500
       9           11             3  0.272727
       10           8             2  0.250000
       11          16             5  0.312500
       12           8             1  0.125000
       13          11             5  0.454545
       14           8             1  0.125000
10     1           11             3  0.272727
       2            6             1  0.166667
       3            2             1  0.500000
       4            4             2  0.500000
       5           10             1  0.100000
       6            2             1  0.500000
       7            6             3  0.500000
       8           11             2  0.181818
       9            4             1  0.250000
       10          13             5  0.384615
       11          17             5  0.294118
       12           8             4  0.500000
       13          12             5  0.416667
       14          14             3  0.214286
11     1            1             0  0.000000
       2            3             3  1.000000
       3            4             2  0.500000
       4            6             3  0.500000
       5            4             1  0.250000
       6            3             2  0.666667
       7            5             3  0.600000
       8            5             3  0.600000
       9            2             1  0.500000
       10           2             1  0.500000
       11           5             5  1.000000
       12           3             1  0.333333
       13           3             3  1.000000
       14           7             3  0.428571
13     1            8             2  0.250000
       2            7             4  0.571429
       3            5             1  0.200000
       4            5             1  0.200000
       5            6             3  0.500000
       6            5             2  0.400000
       7           10             4  0.400000
       8           10             3  0.300000
       9            8             1  0.125000
       10          13             2  0.153846
       11          12             4  0.333333
       12           8             3  0.375000
       13          11             3  0.272727
       14          13             4  0.307692
14     1           12             1  0.083333
       2            4             2  0.500000
       3            2             1  0.500000
       4            5             1  0.200000
       5           11             3  0.272727
       6            6             2  0.333333
       7            8             3  0.375000
       8           11             2  0.181818
       9            9             5  0.555556
       10          11             3  0.272727
       11          11             4  0.363636
       12           8             3  0.375000
       13          11             3  0.272727
       14          13             5  0.384615
15     1           15             2  0.133333
       2           16             1  0.062500
       3           12             3  0.250000
       4            7             3  0.428571
       5            3             2  0.666667
       6            6             3  0.500000
       7            7             1  0.142857
       8            8             3  0.375000
       9            8             5  0.625000
       10           5             4  0.800000
       11           7             3  0.428571
       12           7             2  0.285714
       13           8             4  0.500000
       14           7             4  0.571429
16     1           10             0  0.000000
       2           11             5  0.454545
       3           11             1  0.090909
       4           12             3  0.250000
       5           15             3  0.200000
       6           12             3  0.250000
       7           15             3  0.200000
       8           12             1  0.083333
       9           17             1  0.058824
       10          10             2  0.200000
       11          11             2  0.181818
       12          15             0  0.000000
       13          13             2  0.153846
       14          11             1  0.090909
17     1           10             1  0.100000
       2            9             1  0.111111
       3            8             3  0.375000
       4            6             1  0.166667
       5            9             2  0.222222
       6            5             1  0.200000
       7            7             1  0.142857
       8            7             2  0.285714
       9            4             0  0.000000
       10           7             1  0.142857
       11           8             2  0.250000
       12           2             2  1.000000
       13           7             2  0.285714
       14           8             2  0.250000
18     1           10             4  0.400000
       2            8             0  0.000000
       3           15             1  0.066667
       4            8             3  0.375000
       5            5             0  0.000000
       6           15             1  0.066667
       7           11             5  0.454545
       8            7             3  0.428571
       9            3             2  0.666667
       10          10             3  0.300000
       11          11             1  0.090909
       12           9             2  0.222222
       13          11             2  0.181818
       14          10             1  0.100000
20     1           11             4  0.363636
       2           12             4  0.333333
       3            8             3  0.375000
       4            9             1  0.111111
       5            6             4  0.666667
       6            3             1  0.333333
       7            8             2  0.250000
       8            7             4  0.571429
       9            8             2  0.250000
       10           3             0  0.000000
       11          10             4  0.400000
       12           5             1  0.200000
       13           3             1  0.333333
       14           5             1  0.200000
21     1           14             4  0.285714
       2           13             4  0.307692
       3           16             4  0.250000
       4            8             3  0.375000
       5           14             2  0.142857
       6           13             3  0.230769
       7           12             6  0.500000
       8            5             1  0.200000
       9            6             0  0.000000
       10           9             5  0.555556
       11          10             4  0.400000
       12          15             0  0.000000
       13          10             1  0.100000
       14          11             3  0.272727
23     1           10             4  0.400000
       2           10             6  0.600000
       3           15             8  0.533333
       4           11             5  0.454545
       5           14             6  0.428571
       6            9             2  0.222222
       7           16             2  0.125000
       8           18             3  0.166667
       9           17             6  0.352941
       10          16             3  0.187500
       11           7             1  0.142857
       12           9             4  0.444444
       13           7             3  0.428571
       14          10             1  0.100000
24     1           12             1  0.083333
       2           11             4  0.363636
       3           14             2  0.142857
       4           17             3  0.176471
       5           18             6  0.333333
       6           12             6  0.500000
       7           12             7  0.583333
       8           17             7  0.411765
       9           13             7  0.538462
       10          13             3  0.230769
       11          12             1  0.083333
       12          19             6  0.315789
       13           8             2  0.250000
       14          11             3  0.272727
25     1           15             3  0.200000
       2           13             3  0.230769
       3            5             1  0.200000
       4           10             3  0.300000
       5           11             2  0.181818
       6            9             1  0.111111
       7            9             1  0.111111
       8            0             0       NaN
       9           19             6  0.315789
       10          22             7  0.318182
       11          12             3  0.250000
       12           8             3  0.375000
       13          22             4  0.181818
       14          17             1  0.058824
26     1           14             9  0.642857
       2           13             6  0.461538
       3           11             7  0.636364
       4           12             7  0.583333
       5            6             3  0.500000
       6           12             5  0.416667
       7            7             4  0.571429
       8           29            12  0.413793
       9           21            10  0.476190
       10          16             6  0.375000
       11          24            17  0.708333
       12          17             9  0.529412
       13          22             6  0.272727
       14          15            11  0.733333
28     1            9             4  0.444444
       2            7             5  0.714286
       3           12             5  0.416667
       4            4             1  0.250000
       5            8             4  0.500000
       6            5             0  0.000000
       7            4             2  0.500000
       8            9             5  0.555556
       9           14             4  0.285714
       10           6             2  0.333333
       11           6             0  0.000000
       12           5             1  0.200000
       13           6             0  0.000000
       14           6             1  0.166667
29     1           17             7  0.411765
       2           19             1  0.052632
       3           19             6  0.315789
       4            8             3  0.375000
       5           14             3  0.214286
       6           11             4  0.363636
       7           10             1  0.100000
       8           20            11  0.550000
       9           21             8  0.380952
       10          20            12  0.600000
       11          14             8  0.571429
       12          18             4  0.222222
       13          12             6  0.500000
       14          15             7  0.466667
31     1           11             4  0.363636
       2            6             2  0.333333
       3           10             2  0.200000
       4           13             3  0.230769
       5            7             1  0.142857
       6            5             1  0.200000
       7            7             2  0.285714
       8           10             2  0.200000
       9            8             3  0.375000
       10           5             1  0.200000
       11           8             1  0.125000
       12           3             0  0.000000
       13           5             2  0.400000
       14           6             2  0.333333
33     1           10             1  0.100000
       2            5             3  0.600000
       3            9             2  0.222222
       4            6             4  0.666667
       5            6             2  0.333333
       6            3             3  1.000000
       7            0             0       NaN
       8            6             4  0.666667
       9            9             6  0.666667
       10           7             3  0.428571
       11           6             3  0.500000
       12           8             1  0.125000
       13           3             2  0.666667
       14           4             1  0.250000
34     1           11             6  0.545455
       2           13             5  0.384615
       3            6             2  0.333333
       4           10             6  0.600000
       5           10             6  0.600000
       6            8             3  0.375000
       7           14             3  0.214286
       8            6             4  0.666667
       9            4             2  0.500000
       10           3             2  0.666667
       11           6             2  0.333333
       12           7             6  0.857143
       13           6             3  0.500000
       14           3             2  0.666667
35     1           15             8  0.533333
       2           15            10  0.666667
       3           12             3  0.250000
       4           16            11  0.687500
       5           13             8  0.615385
       6           15             7  0.466667
       7           10             5  0.500000
       8            9             6  0.666667
       9           12             6  0.500000
       10          13             4  0.307692
       11          14             6  0.428571
       12          13             4  0.307692
       13          14             5  0.357143
       14          13             5  0.384615
36     1            9             5  0.555556
       2            7             5  0.714286
       3            7             3  0.428571
       4            9             5  0.555556
       5           10             5  0.500000
       6           11             6  0.545455
       7            8             5  0.625000
       8            9             5  0.555556
       9            6             5  0.833333
       10           0             0       NaN
       11           9             6  0.666667
       12           8             7  0.875000
       13          11             8  0.727273
       14           8             5  0.625000
37     1           13             7  0.538462
       2            7             1  0.142857
       3           10             1  0.100000
       4            5             3  0.600000
       5           10             3  0.300000
       6            8             2  0.250000
       7            7             2  0.285714
       8            8             3  0.375000
       9            9             2  0.222222
       10           8             3  0.375000
       11           6             2  0.333333
       12           6             2  0.333333
       13           9             2  0.222222
       14           5             1  0.200000

Totals and Accuracy for Each UserID:
        all_num  sequence_num  accuracy
UserID                                 
1           210            67  0.319048
3            68            28  0.411765
4           153            27  0.176471
6           233            48  0.206009
8           268            47  0.175373
9           137            33  0.240876
10          120            37  0.308333
11           53            31  0.584906
13          121            37  0.305785
14          122            38  0.311475
15          116            40  0.344828
16          175            27  0.154286
17           97            21  0.216495
18          133            28  0.210526
20           98            32  0.326531
21          156            40  0.256410
23          169            54  0.319527
24          189            58  0.306878
25          172            38  0.220930
26          219           112  0.511416
28          101            34  0.336634
29          218            81  0.371560
31          104            26  0.250000
33           82            35  0.426829
34          107            52  0.485981
35          184            88  0.478261
36          112            70  0.625000
37          111            34  0.306306

Average Match Rate for Each UserID:
UserID
1     0.323439
3     0.446690
4     0.162149
6     0.202738
8     0.178612
9     0.252430
10    0.341493
11    0.562755
13    0.313502
14    0.333605
15    0.412117
16    0.158156
17    0.252296
18    0.239505
20    0.313417
21    0.258594
23    0.327618
24    0.306129
25    0.218033
26    0.522927
28    0.311905
29    0.366027
31    0.242117
33    0.478907
34    0.517369
35    0.476567
36    0.631327
37    0.305582