Totals and Accuracy for Each UserID and Video Combination:
              all_num  sequence_num  accuracy
UserID Video                                 
1      1           18            14  0.777778
       2           19            12  0.631579
       3           15            12  0.800000
       4           12            11  0.916667
       5           12             7  0.583333
       6           17            14  0.823529
       7           17            15  0.882353
       8           13             8  0.615385
       9           16            11  0.687500
       10          16            13  0.812500
       11          16            12  0.750000
       12          13            11  0.846154
       13          13             9  0.692308
       14          13            12  0.923077
3      1            7             7  1.000000
       2           13            13  1.000000
       3            8             6  0.750000
       4            8             8  1.000000
       5            3             3  1.000000
       6            1             0  0.000000
       7            4             4  1.000000
       8            2             2  1.000000
       9            3             3  1.000000
       10           6             5  0.833333
       11           2             2  1.000000
       12           2             2  1.000000
       13           6             6  1.000000
       14           3             3  1.000000
4      1            9             8  0.888889
       2           13            11  0.846154
       3            2             1  0.500000
       4            7             5  0.714286
       5           16            12  0.750000
       6           12            11  0.916667
       7           14            13  0.928571
       8           14            12  0.857143
       9           14            12  0.857143
       10          10             8  0.800000
       11           8             7  0.875000
       12          11            10  0.909091
       13          11            10  0.909091
       14          12            11  0.916667
6      1           17            12  0.705882
       2           17            12  0.705882
       3           17            14  0.823529
       4           23            11  0.478261
       5           25            15  0.600000
       6           18            15  0.833333
       7           14            12  0.857143
       8           24            21  0.875000
       9           25            11  0.440000
       10          20            12  0.600000
       11           8             7  0.875000
       12          10             9  0.900000
       13          13            11  0.846154
       14           2             0  0.000000
8      1           20            12  0.600000
       2           19            15  0.789474
       3           19             7  0.368421
       4           21            11  0.523810
       5           20            12  0.600000
       6           19            10  0.526316
       7            0             0       NaN
       8           19            12  0.631579
       9           17            14  0.823529
       10          24            11  0.458333
       11          18            12  0.666667
       12          28            13  0.464286
       13          26            13  0.500000
       14          18            11  0.611111
9      1            7             7  1.000000
       2            5             5  1.000000
       3            9             6  0.666667
       4            9             8  0.888889
       5            9             8  0.888889
       6           14             9  0.642857
       7            6             6  1.000000
       8           16             9  0.562500
       9           11             6  0.545455
       10           8             7  0.875000
       11          16            12  0.750000
       12           8             6  0.750000
       13          11             9  0.818182
       14           8             5  0.625000
10     1           11             7  0.636364
       2            6             6  1.000000
       3            2             2  1.000000
       4            4             3  0.750000
       5           10             5  0.500000
       6            2             2  1.000000
       7            6             5  0.833333
       8           11             9  0.818182
       9            4             3  0.750000
       10          13             9  0.692308
       11          17            12  0.705882
       12           8             7  0.875000
       13          12            10  0.833333
       14          14             8  0.571429
11     1            1             0  0.000000
       2            3             3  1.000000
       3            4             2  0.500000
       4            6             5  0.833333
       5            4             4  1.000000
       6            3             3  1.000000
       7            5             4  0.800000
       8            5             3  0.600000
       9            2             2  1.000000
       10           2             2  1.000000
       11           5             5  1.000000
       12           3             2  0.666667
       13           3             3  1.000000
       14           7             5  0.714286
13     1            8             8  1.000000
       2            7             6  0.857143
       3            5             4  0.800000
       4            5             4  0.800000
       5            6             4  0.666667
       6            5             5  1.000000
       7           10             7  0.700000
       8           10            10  1.000000
       9            8             7  0.875000
       10          13            13  1.000000
       11          12            10  0.833333
       12           8             6  0.750000
       13          11            10  0.909091
       14          13            12  0.923077
14     1           12            10  0.833333
       2            4             4  1.000000
       3            2             2  1.000000
       4            5             4  0.800000
       5           11            10  0.909091
       6            6             6  1.000000
       7            8             6  0.750000
       8           11            11  1.000000
       9            9             9  1.000000
       10          11            10  0.909091
       11          11             9  0.818182
       12           8             5  0.625000
       13          11            11  1.000000
       14          13            12  0.923077
15     1           15            13  0.866667
       2           16            12  0.750000
       3           12             9  0.750000
       4            7             7  1.000000
       5            3             3  1.000000
       6            6             5  0.833333
       7            7             7  1.000000
       8            8             6  0.750000
       9            8             8  1.000000
       10           5             5  1.000000
       11           7             3  0.428571
       12           7             5  0.714286
       13           8             8  1.000000
       14           7             7  1.000000
16     1           10             9  0.900000
       2           11            10  0.909091
       3           11            10  0.909091
       4           12             9  0.750000
       5           15            12  0.800000
       6           12            11  0.916667
       7           15            14  0.933333
       8           12            10  0.833333
       9           17             9  0.529412
       10          10             8  0.800000
       11          11             9  0.818182
       12          15            12  0.800000
       13          13             8  0.615385
       14          11            10  0.909091
17     1           10             9  0.900000
       2            9             9  1.000000
       3            8             8  1.000000
       4            6             6  1.000000
       5            9             8  0.888889
       6            5             5  1.000000
       7            7             7  1.000000
       8            7             7  1.000000
       9            4             4  1.000000
       10           7             7  1.000000
       11           8             6  0.750000
       12           2             2  1.000000
       13           7             7  1.000000
       14           8             7  0.875000
18     1           10             9  0.900000
       2            8             5  0.625000
       3           15            11  0.733333
       4            8             6  0.750000
       5            5             5  1.000000
       6           15             9  0.600000
       7           11            10  0.909091
       8            7             4  0.571429
       9            3             3  1.000000
       10          10             8  0.800000
       11          11             6  0.545455
       12           9             8  0.888889
       13          11            10  0.909091
       14          10            10  1.000000
20     1           11            11  1.000000
       2           12             9  0.750000
       3            8             5  0.625000
       4            9             6  0.666667
       5            6             6  1.000000
       6            3             3  1.000000
       7            8             8  1.000000
       8            7             6  0.857143
       9            8             6  0.750000
       10           3             2  0.666667
       11          10             8  0.800000
       12           5             4  0.800000
       13           3             3  1.000000
       14           5             5  1.000000
21     1           14            14  1.000000
       2           13            10  0.769231
       3           16            10  0.625000
       4            8             7  0.875000
       5           14            10  0.714286
       6           13            12  0.923077
       7           12             8  0.666667
       8            5             4  0.800000
       9            6             6  1.000000
       10           9             7  0.777778
       11          10             8  0.800000
       12          15            13  0.866667
       13          10             8  0.800000
       14          11            10  0.909091
23     1           10            10  1.000000
       2           10            10  1.000000
       3           15            11  0.733333
       4           11            10  0.909091
       5           14            11  0.785714
       6            9             7  0.777778
       7           16            15  0.937500
       8           18            15  0.833333
       9           17            10  0.588235
       10          16            14  0.875000
       11           7             7  1.000000
       12           9             9  1.000000
       13           7             7  1.000000
       14          10             7  0.700000
24     1           12             6  0.500000
       2           11             9  0.818182
       3           14            11  0.785714
       4           17            10  0.588235
       5           18            15  0.833333
       6           12            10  0.833333
       7           12             9  0.750000
       8           17            14  0.823529
       9           13            10  0.769231
       10          13            10  0.769231
       11          12             8  0.666667
       12          19            12  0.631579
       13           8             7  0.875000
       14          11             8  0.727273
25     1           15            13  0.866667
       2           13            13  1.000000
       3            5             4  0.800000
       4           10             8  0.800000
       5           11             8  0.727273
       6            9             9  1.000000
       7            9             8  0.888889
       8            0             0       NaN
       9           19            14  0.736842
       10          22            13  0.590909
       11          12            11  0.916667
       12           8             8  1.000000
       13          22            11  0.500000
       14          17            16  0.941176
26     1           14            13  0.928571
       2           13            12  0.923077
       3           11            11  1.000000
       4           12             9  0.750000
       5            6             6  1.000000
       6           12            10  0.833333
       7            7             7  1.000000
       8           29            21  0.724138
       9           21            13  0.619048
       10          16            12  0.750000
       11          24            22  0.916667
       12          17            13  0.764706
       13          22            16  0.727273
       14          15            13  0.866667
28     1            9             9  1.000000
       2            7             7  1.000000
       3           12            11  0.916667
       4            4             2  0.500000
       5            8             8  1.000000
       6            5             2  0.400000
       7            4             3  0.750000
       8            9             9  1.000000
       9           14            13  0.928571
       10           6             6  1.000000
       11           6             6  1.000000
       12           5             5  1.000000
       13           6             6  1.000000
       14           6             5  0.833333
29     1           17            14  0.823529
       2           19            14  0.736842
       3           19            17  0.894737
       4            8             8  1.000000
       5           14             9  0.642857
       6           11            11  1.000000
       7           10             8  0.800000
       8           20            19  0.950000
       9           21            17  0.809524
       10          20            17  0.850000
       11          14            13  0.928571
       12          18            12  0.666667
       13          12            11  0.916667
       14          15            15  1.000000
31     1           11            11  1.000000
       2            6             6  1.000000
       3           10            10  1.000000
       4           13            13  1.000000
       5            7             4  0.571429
       6            5             4  0.800000
       7            7             7  1.000000
       8           10             8  0.800000
       9            8             8  1.000000
       10           5             3  0.600000
       11           8             7  0.875000
       12           3             3  1.000000
       13           5             5  1.000000
       14           6             6  1.000000
33     1           10             2  0.200000
       2            5             4  0.800000
       3            9             4  0.444444
       4            6             4  0.666667
       5            6             5  0.833333
       6            3             3  1.000000
       7            0             0       NaN
       8            6             6  1.000000
       9            9             9  1.000000
       10           7             6  0.857143
       11           6             6  1.000000
       12           8             8  1.000000
       13           3             3  1.000000
       14           4             3  0.750000
34     1           11            10  0.909091
       2           13            11  0.846154
       3            6             4  0.666667
       4           10             9  0.900000
       5           10             8  0.800000
       6            8             4  0.500000
       7           14             8  0.571429
       8            6             6  1.000000
       9            4             2  0.500000
       10           3             2  0.666667
       11           6             4  0.666667
       12           7             6  0.857143
       13           6             5  0.833333
       14           3             3  1.000000
35     1           15            13  0.866667
       2           15            14  0.933333
       3           12            10  0.833333
       4           16            13  0.812500
       5           13            12  0.923077
       6           15            14  0.933333
       7           10             9  0.900000
       8            9             6  0.666667
       9           12            10  0.833333
       10          13             9  0.692308
       11          14            12  0.857143
       12          13             9  0.692308
       13          14            10  0.714286
       14          13             9  0.692308
36     1            9             9  1.000000
       2            7             7  1.000000
       3            7             6  0.857143
       4            9             8  0.888889
       5           10             8  0.800000
       6           11            10  0.909091
       7            8             8  1.000000
       8            9             7  0.777778
       9            6             5  0.833333
       10           0             0       NaN
       11           9             9  1.000000
       12           8             7  0.875000
       13          11            10  0.909091
       14           8             8  1.000000
37     1           13            13  1.000000
       2            7             6  0.857143
       3           10             9  0.900000
       4            5             4  0.800000
       5           10             9  0.900000
       6            8             7  0.875000
       7            7             7  1.000000
       8            8             7  0.875000
       9            9             9  1.000000
       10           8             8  1.000000
       11           6             6  1.000000
       12           6             6  1.000000
       13           9             7  0.777778
       14           5             3  0.600000

Totals and Accuracy for Each UserID:
        all_num  sequence_num  accuracy
UserID                                 
1           210           161  0.766667
3            68            64  0.941176
4           153           131  0.856209
6           233           162  0.695279
8           268           153  0.570896
9           137           103  0.751825
10          120            88  0.733333
11           53            43  0.811321
13          121           106  0.876033
14          122           109  0.893443
15          116            98  0.844828
16          175           141  0.805714
17           97            92  0.948454
18          133           104  0.781955
20           98            82  0.836735
21          156           127  0.814103
23          169           143  0.846154
24          189           139  0.735450
25          172           136  0.790698
26          219           178  0.812785
28          101            92  0.910891
29          218           185  0.848624
31          104            95  0.913462
33           82            63  0.768293
34          107            82  0.766355
35          184           150  0.815217
36          112           102  0.910714
37          111           101  0.909910

Average Match Rate for Each UserID:
UserID
1     0.767297
3     0.898810
4     0.833479
6     0.681442
8     0.581810
9     0.786674
10    0.783274
11    0.793878
13    0.865308
14    0.897698
15    0.863776
16    0.815970
17    0.958135
18    0.802306
20    0.851105
21    0.823343
23    0.867142
24    0.740808
25    0.828340
26    0.843106
28    0.880612
29    0.858528
31    0.903316
33    0.811661
34    0.765511
35    0.810757
36    0.911563
37    0.898923